 Pearson:  -0.721754551  0.00010126437
 Spearman:   3817.  3.12930824E-05 -0.887735009  1.61203886E-08
 Kendall:  -0.756978154 -5.05801058  4.2365366E-07
