 Pearson:   0.254068732  0.253881037
 Spearman:   1425.  0.39295876  0.186415657  0.406173438
 Kendall:   0.133710131  0.87095058  0.383781195
