C: 4.44199991 +/- 2.19627357 (49.44335%)
N: 133.5 +/- 2.380476 (1.78312%)
N/C: 30.054 +/- 14.86936 (49.47549%)
