C: 6.01200008 +/- 2.13158202 (35.45545%)
N: 88.5999985 +/- 4.72228765 (5.32989%)
N/C: 14.737 +/- 5.28377 (35.85382%)
