C: 25.75 +/- 3.86221004 (14.99887%)
N: 159.399994 +/- 9.76217175 (6.12432%)
N/C: 6.190 +/- 1.00284 (16.20103%)
