C: 21. +/- 4.18330002 (19.92047%)
N: 102.599998 +/- 15.3068609 (14.91896%)
N/C: 4.885 +/- 1.21576 (24.88775%)
