C: 53.5999985 +/- 2.70185137 (5.04076%)
N: 166. +/- 7. (4.21686%)
N/C: 3.097 +/- .20353 (6.57199%)
