C: 44.1666679 +/- 5.41910219 (12.26966%)
N: 97.375 +/- 5.55331278 (5.70301%)
N/C: 2.204 +/- .29820 (13.53029%)
