C: 65.1999969 +/- 0.836660028 (1.28322%)
N: 105.75 +/- 1.25830579 (1.18988%)
N/C: 1.621 +/- .02836 (1.74998%)
