C: 37.7999992 +/- 3.34664011 (8.85354%)
N: 91.6666641 +/- 6.18600607 (6.74837%)
N/C: 2.425 +/- .26995 (11.13219%)
