C: 35.5 +/- 4.54972553 (12.81612%)
N: 95.25 +/- 13.1497784 (13.80554%)
N/C: 2.683 +/- .50540 (18.83735%)
