C: 39. +/- 3.46410155 (8.88231%)
N: 123.5 +/- 4.04145193 (3.27243%)
N/C: 3.166 +/- .29969 (9.46595%)
