C: 73.1999969 +/- 3.03314996 (4.14364%)
N: 137.666672 +/- 8.75595093 (6.36025%)
N/C: 1.880 +/- .14270 (7.59095%)
