C: 9.46899986 +/- 6.12615728 (64.69698%)
N: 211.166672 +/- 9.06458282 (4.29262%)
N/C: 22.300 +/- 14.45914 (64.83923%)
