C: 81.1666641 +/- 10.6848803 (13.16412%)
N: 176.25 +/- 6.5 (3.68794%)
N/C: 2.171 +/- .29679 (13.67095%)
