C: 18.7999992 +/- 2.58843589 (13.76827%)
N: 198. +/- 6.98569965 (3.52813%)
N/C: 10.531 +/- 1.49678 (14.21312%)
