C: 6.14466667 +/- 2.23888493 (36.43623%)
N: 103.800003 +/- 2.68328166 (2.58504%)
N/C: 16.892 +/- 6.17027 (36.52781%)
