C: 13.666667 +/- 2.94392037 (21.54088%)
N: 74.8000031 +/- 8.10555363 (10.83630%)
N/C: 5.473 +/- 1.31970 (24.11296%)
