C: 42.25 +/- 4.27200174 (10.11124%)
N: 91. +/- 7.3143692 (8.03776%)
N/C: 2.153 +/- .27809 (12.91676%)
