C: 32. +/- 5.94418478 (18.57557%)
N: 55.75 +/- 4.64578676 (8.33324%)
N/C: 1.742 +/- .35465 (20.35914%)
