C: 8.71100044 +/- 2.67028785 (30.65420%)
N: 73.1999969 +/- 3.76828861 (5.14793%)
N/C: 8.403 +/- 2.61194 (31.08345%)
