C: 20.6000004 +/- 4.72228765 (22.92372%)
N: 114.800003 +/- 2.48997998 (2.16897%)
N/C: 5.572 +/- 1.28301 (23.02610%)
