C: 31.333334 +/- 3.01109052 (9.60986%)
N: 47. +/- 3.55902624 (7.57239%)
N/C: 1.499 +/- .18339 (12.23480%)
