C: 38.5 +/- 2.380476 (6.18305%)
N: 66.1999969 +/- 1.64316773 (2.48212%)
N/C: 1.719 +/- .11453 (6.66265%)
