C: 6.74720001 +/- 3.08379555 (45.70481%)
N: 11.4505997 +/- 3.14664268 (27.48015%)
N/C: 1.697 +/- .90500 (53.32999%)
